
Freq = [420:450]';
W = svrster(13, 0, 435/450, 3, 60);

fnData = [ ...
     'r2301037v1'
     'r2301038v1'
     'r2301039v1'
     'r2301040v1'
     'r2301041v1'
     'r2301042v1'
     'r2301043v1'
     'r2301044v1'
     'r2301045v1'
     'r2301046v1'
     'r2301047v1'
     'r2301048v1'
     'r2301049v1'
     'r2301050v1'
     'r2301051v1'
     'r2301052v1'
     'r2301053v1'
     'r2301054v1'
     'r2301055v1'
     'r2301056v1'
     'r2301057v1'
     'r2301058v1'
     'r2301059v1'
     'r2301060v1'
     'r2301061v1'
     'r2301062v1'
     'r2301063v1'
     'r2301064v1'
     'r2301065v1'
     'r2301066v1'
     'r2301067v1'];

