%GGLBGMAP
%   [Rates Files] = gglbgmap
 
function [Rates, Files] = gglbgmap

Rates = [
0.062500
0.125000
0.187500
0.250000
0.312500
0.375000
0.437500
0.500000
0.562500
0.625000
0.687500
0.750000
0.875000
1.000000
1.125000
1.250000
1.375000
1.500000
1.625000
1.750000
1.833333
2.000000
2.166667
2.333333
2.400000
2.600000
2.800000
3.000000
3.250000
3.500000
3.666667
4.000000
4.333333
4.500000
5.000000
5.500000
6.000000 ];

% Generate vector which holds codebook names
basepath = 'f:\Research\Coding\LBG\GenGauss\';
Files =[
basepath 'ggA1601.mat';
basepath 'ggA1602.mat';
basepath 'ggA1603.mat';
basepath 'ggA1604.mat';
basepath 'ggA1605.mat';
basepath 'ggA1606.mat';
basepath 'ggA1607.mat';
basepath 'ggA1608.mat';
basepath 'ggA1609.mat';
basepath 'ggA1610.mat';
basepath 'ggA1611.mat';
basepath 'ggA1612.mat';
basepath 'ggA0807.mat';
basepath 'ggA0808.mat';
basepath 'ggA0809.mat';
basepath 'ggA0810.mat';
basepath 'ggA0811.mat';
basepath 'ggA0812.mat';
basepath 'ggA0813.mat';
basepath 'ggA0814.mat';
basepath 'ggA0611.mat';
basepath 'ggA0612.mat';
basepath 'ggA0613.mat';
basepath 'ggA0614.mat';
basepath 'ggA0512.mat';
basepath 'ggA0513.mat';
basepath 'ggA0514.mat';
basepath 'ggA0412.mat';
basepath 'ggA0413.mat';
basepath 'ggA0414.mat';
basepath 'ggA0311.mat';
basepath 'ggA0312.mat';
basepath 'ggA0313.mat';
basepath 'ggA0209.mat';
basepath 'ggA0210.mat';
basepath 'ggA0211.mat';
basepath 'ggA0212.mat' ];