%LALBGMAP
%   [Rates Files] = lAlbgmap
 
function [Rates, Files] = lAlbgmap

Rates = [
0.062500
0.125000
0.187500
0.250000
0.312500
0.375000
0.437500
0.500000
0.562500
0.625000
0.687500
0.750000
0.875000
1.000000
1.125000
1.250000
1.375000
1.500000
1.625000
1.750000
1.833333
2.000000
2.166667
2.333333
2.400000
2.600000
2.800000
3.000000
3.333333
3.666667
4.000000
4.500000
5.000000
5.500000
6.000000
6.500000 ];

% Generate vector which holds codebook names
basepath = 'f:\Research\Coding\LBG\Laplace\';
Files =[
basepath 'laA1601.mat';
basepath 'laA1602.mat';
basepath 'laA1603.mat';
basepath 'laA1604.mat';
basepath 'laA1605.mat';
basepath 'laA1606.mat';
basepath 'laA1607.mat';
basepath 'laA1608.mat';
basepath 'laA1609.mat';
basepath 'laA1610.mat';
basepath 'laA1611.mat';
basepath 'laA1612.mat';
basepath 'laA0807.mat';
basepath 'laA0808.mat';
basepath 'laA0809.mat';
basepath 'laA0810.mat';
basepath 'laA0811.mat';
basepath 'laA0812.mat';
basepath 'laA0813.mat';
basepath 'laA0814.mat';
basepath 'laA0611.mat';
basepath 'laA0612.mat';
basepath 'laA0613.mat';
basepath 'laA0614.mat';
basepath 'laA0512.mat';
basepath 'laA0513.mat';
basepath 'laA0514.mat';
basepath 'laA0515.mat';
basepath 'laA0310.mat';
basepath 'laA0311.mat';
basepath 'laA0208.mat';
basepath 'laA0209.mat';
basepath 'laA0210.mat';
basepath 'laA0211.mat';
basepath 'laA0212.mat';
basepath 'laA0213.mat' ];