rd3 =[
29.621559 0.183594
29.621559 0.183594
29.611061 0.187500
29.611061 0.187500
29.645619 0.191406
29.681031 0.195312
29.681031 0.195312
29.681031 0.195312
29.682879 0.197266
29.712676 0.203125
29.776679 0.216797
29.776679 0.216797
29.776679 0.216797
29.776679 0.216797
29.769902 0.220703
29.769902 0.220703
29.769902 0.220703
29.844009 0.236328
29.926357 0.246094
29.997293 0.255859
30.060937 0.269531
30.197199 0.273438
30.318676 0.289062
30.428264 0.296875
30.510579 0.304688
30.548248 0.308594
30.580605 0.312500
30.711551 0.332031
30.659409 0.341797
30.490152 0.350903
30.864176 0.375000
30.891958 0.378906
31.056480 0.406250
31.056480 0.406250
31.095149 0.410156
31.253419 0.429688
31.277687 0.433594
