rd3 =[
27.637993 0.166016
27.665330 0.169922
27.667251 0.171875
27.760199 0.179688
27.760199 0.179688
27.760199 0.179688
27.790511 0.183594
27.790511 0.183594
27.810131 0.189453
27.813323 0.191406
27.885806 0.199219
27.932466 0.207031
27.934813 0.208984
28.059458 0.220703
28.209700 0.228516
28.327614 0.236328
28.358237 0.244141
28.358237 0.244141
28.559287 0.257812
28.723050 0.275391
28.868691 0.291016
28.958295 0.298828
28.959944 0.300781
28.907314 0.312500
28.598970 0.319006
28.905621 0.326819
29.068622 0.332031
29.112266 0.339844
29.161402 0.349609
29.179320 0.357422
29.375513 0.380859
29.441742 0.388672
29.519450 0.402344
29.617478 0.414062
29.628446 0.417969
29.483105 0.425781
29.496897 0.437500
29.514672 0.441406
29.630703 0.462891
29.658504 0.480469
29.802122 0.511719
29.818972 0.515625
29.838283 0.521484
29.937920 0.541016
29.906496 0.543616
30.022402 0.559241
30.080712 0.564453
30.080712 0.564453
30.240115 0.587891
30.248729 0.595703
30.423395 0.634766
30.423395 0.634766
30.423692 0.636719
30.506140 0.660156
30.506140 0.660156
30.649192 0.683594
30.649192 0.683594
30.649192 0.683594
30.560869 0.705078
30.605142 0.728516
30.693598 0.759766
30.693598 0.759766
30.693598 0.759766
30.693598 0.759766
30.725118 0.775391
30.725118 0.775391
30.870959 0.806641
30.995118 0.837891
30.995118 0.837891
31.023954 0.861328
31.038240 0.876953
31.038240 0.876953
31.031979 0.882812
31.031979 0.882812
31.054673 0.898438
31.054673 0.898438
31.145752 0.929688
31.265038 0.960937
31.265038 0.960937
31.269817 0.984375
];

