rd2 =[
27.776494 0.218750
27.776494 0.218750
27.776494 0.218750
27.806920 0.222656
27.824180 0.226562
27.824180 0.226562
27.896846 0.234375
27.918232 0.238281
27.943625 0.242188
28.068527 0.253906
28.219089 0.261719
28.337261 0.269531
28.351046 0.273438
28.367952 0.277344
28.567882 0.289062
28.730848 0.304688
28.876755 0.320312
];

rd3 =[
27.760199 0.179688
27.760199 0.179688
27.760199 0.179688
27.790511 0.183594
27.810131 0.189453
27.813323 0.191406
27.885806 0.199219
27.907138 0.203125
27.934813 0.208984
28.059458 0.220703
28.209700 0.228516
28.327614 0.236328
28.341368 0.240234
28.358237 0.244141
28.559287 0.257812
28.723050 0.275391
28.868691 0.291016
];

rd4 =[
27.755587 0.176270
27.755587 0.176270
27.755587 0.176270
27.783085 0.181641
27.802671 0.187500
27.805858 0.189453
27.878272 0.197754
27.899567 0.201660
27.927194 0.207520
28.051618 0.219238
28.201584 0.227051
28.319274 0.234863
28.333002 0.238770
28.349838 0.242676
28.550491 0.256348
28.713917 0.273926
28.859246 0.289551
];

