rd2 =[
29.642835 0.222656
29.712414 0.230469
29.712414 0.230469
29.712414 0.230469
29.712414 0.230469
29.712414 0.230469
29.801571 0.246094
29.801571 0.246094
29.801571 0.246094
29.801571 0.246094
29.801571 0.246094
29.794732 0.250000
29.794732 0.250000
29.868575 0.265625
29.951547 0.273438
30.022088 0.281250
30.085716 0.292969
];

rd3 =[
29.611061 0.187500
29.681031 0.195312
29.681031 0.195312
29.681031 0.195312
29.682879 0.197266
29.683786 0.199219
29.776679 0.216797
29.776679 0.216797
29.776679 0.216797
29.776679 0.216797
29.776679 0.216797
29.769902 0.220703
29.769902 0.220703
29.844009 0.236328
29.926357 0.246094
29.997293 0.255859
30.060937 0.269531
];

rd4 =[
29.597166 0.186035
29.666819 0.193848
29.666819 0.193848
29.666819 0.193848
29.668634 0.195801
29.669290 0.197754
29.762138 0.215332
29.762138 0.215332
29.762138 0.215332
29.762138 0.215332
29.762138 0.215332
29.755365 0.219238
29.755365 0.219238
29.823933 0.236328
29.905608 0.246094
29.976685 0.255859
30.040057 0.269531
];

