# name: rd2b
# type: matrix
# rows: 3
# columns: 3  
6.463983        0.000460        0.000250
6.074080        0.000609        0.000500
5.806312        0.000790        0.000750
