h=[0.037828455506995 -.023849465019380 -.11062440441842 .37740285561265 .85269867900940 .37740285561265 -.11062440441842 -.023849465019380 0.037828455506995];

h_tilde=[-.064538882628938 -.040689417609558 .41809227322221 .78848561640566 .41809227322221 -.040689417609558 -.064538882628938];
