h=[0.111540743350 0.494623890398 0.751133908021 0.315250351709 -0.226264693965 -0.129766867567 0.097501605587 0.027522865530 -0.031582039317 0.000553842201 0.004777257511 -0.001077301085];
 


