h=[2.3037781e-01   7.1484657e-01   6.3088077e-01  -2.7983769e-02  -1.8703481e-01   3.0841382e-02   3.2883012e-02  -1.0597402e-02];

