h=[0.332670552950 0.806891509311 0.459877502118 -0.135011020010 -0.085441273882 0.035226291886];

